500
125000000
1291
1275
1388
1346
1353
1292
1310
1304
1320
1264
600
216000000
2019
2110
2053
2053
2026
2118
2067
2070
2039
2044
700
343000000
3001
3069
2988
2984
3006
3068
3105
3017
2971
3054
800
512000000
4137
4177
4156
4376
4166
4155
4180
4318
4370
4198
900
729000000
5771
5949
5807
7006
6528
6301
6924
5972
6036
5885
1000
1000000000
7872
7867
7876
7887
8036
7938
8387
9283
9091
9658
1100
1331000000
15235
11276
10663
11263
10924
10617
10634
11051
11073
11018
1200
1728000000
13638
13568
13883
13252
13172
13054
13094
13022
13190
13007
1300
2197000000
18166
18481
18392
18203
18243
18283
18842
19791
17896
18333
1400
2744000000
23186
21923
21917
21858
21960
26022
24579
21838
22754
23035
1500
3375000000
29957
29677
29464
29605
29772
29498
30340
29990
30702
30413
