500
125000000
925
936
910
910
918
913
915
960
922
903
600
216000000
1446
1423
1415
1381
1330
1400
1425
1454
1424
1449
700
343000000
2152
1982
2137
2067
1993
2073
1985
1960
2049
2087
800
512000000
2813
2732
2697
2728
2680
2981
3063
2757
2765
2883
900
729000000
3968
3857
3836
3842
3845
3837
3778
4039
3805
3621
1000
1000000000
4852
5004
4922
4815
4872
4989
4925
4810
4836
4952
1100
1331000000
6403
6343
6416
6418
6318
6284
6433
6475
6341
6332
1200
1728000000
7506
7672
7469
7431
7552
7801
7626
7567
7696
7656
1300
2197000000
9976
9801
9841
10201
9937
9623
9941
9889
9913
9966
1400
2744000000
11754
12049
11700
11633
11719
11778
11649
11624
11698
11871
1500
3375000000
14122
14238
14301
14584
14163
14145
14537
14131
14048
14272
