500
125000000
860
905
870
894
893
910
875
890
888
891
600
216000000
1361
1335
1338
1341
1313
1388
1436
1354
1372
1346
700
343000000
1921
1866
1921
1935
1943
1922
1906
1947
1910
1968
800
512000000
2510
2503
2523
2512
2587
2604
2671
2509
2501
2473
900
729000000
3499
3511
3309
3371
3337
3465
3376
3409
3452
3444
1000
1000000000
4390
4428
4369
4446
4485
4433
4354
4449
4385
4438
1100
1331000000
5706
5734
5707
5708
5762
5860
5698
5753
5650
5812
1200
1728000000
6942
6938
6933
7083
6953
6927
7024
7097
7568
6952
1300
2197000000
8808
8951
8770
8833
9082
8911
8931
8940
8937
8927
1400
2744000000
10555
10997
10684
10704
10667
10635
10647
10790
10631
10717
1500
3375000000
12684
12744
12691
12686
13253
14045
12680
13035
13173
13255
