500
125000000
1029
1099
1072
1078
1083
1018
1029
1036
1038
1043
600
216000000
1649
1592
1642
1626
1670
1621
1604
1645
1639
1683
700
343000000
2461
2347
2431
2553
2307
2478
2433
2512
2499
2346
800
512000000
3366
3342
3353
3294
3389
3260
3302
3381
3343
3282
900
729000000
4549
4529
4491
4706
4688
4571
4570
4745
4486
4421
1000
1000000000
6037
6303
5955
6071
6092
6260
6001
6002
6017
6176
1100
1331000000
7839
7809
7723
8299
7833
7901
7838
8131
8016
7890
1200
1728000000
9310
9573
9390
9464
9456
9576
9310
9376
9329
9597
1300
2197000000
12929
12956
12939
13459
12968
12859
12824
13256
12887
12846
1400
2744000000
15424
15762
15502
15452
15382
15768
15390
15532
15464
15748
1500
3375000000
19731
19019
19079
19463
19020
18979
18945
19456
19025
19067
